0
31
1
1
31
32
31
62
32
32
62
63
62
93
63
63
93
94
93
124
94
94
124
125
124
155
125
125
155
156
155
186
156
156
186
187
186
217
187
187
217
218
217
248
218
218
248
249
248
279
249
249
279
280
279
310
280
280
310
311
310
341
311
311
341
342
341
372
342
342
372
373
372
403
373
373
403
404
403
434
404
404
434
435
434
465
435
435
465
466
465
496
466
466
496
497
496
527
497
497
527
528
527
558
528
528
558
559
558
589
559
559
589
590
589
620
590
590
620
621
620
651
621
621
651
652
651
682
652
652
682
683
682
713
683
683
713
714
713
744
714
714
744
745
744
775
745
745
775
776
775
806
776
776
806
807
806
837
807
807
837
838
837
868
838
838
868
869
868
899
869
869
899
900
899
930
900
900
930
931
1
32
2
2
32
33
32
63
33
33
63
64
63
94
64
64
94
95
94
125
95
95
125
126
125
156
126
126
156
157
156
187
157
157
187
188
187
218
188
188
218
219
218
249
219
219
249
250
249
280
250
250
280
281
280
311
281
281
311
312
311
342
312
312
342
343
342
373
343
343
373
374
373
404
374
374
404
405
404
435
405
405
435
436
435
466
436
436
466
467
466
497
467
467
497
498
497
528
498
498
528
529
528
559
529
529
559
560
559
590
560
560
590
591
590
621
591
591
621
622
621
652
622
622
652
653
652
683
653
653
683
684
683
714
684
684
714
715
714
745
715
715
745
746
745
776
746
746
776
777
776
807
777
777
807
808
807
838
808
808
838
839
838
869
839
839
869
870
869
900
870
870
900
901
900
931
901
901
931
932
2
33
3
3
33
34
33
64
34
34
64
65
64
95
65
65
95
96
95
126
96
96
126
127
126
157
127
127
157
158
157
188
158
158
188
189
188
219
189
189
219
220
219
250
220
220
250
251
250
281
251
251
281
282
281
312
282
282
312
313
312
343
313
313
343
344
343
374
344
344
374
375
374
405
375
375
405
406
405
436
406
406
436
437
436
467
437
437
467
468
467
498
468
468
498
499
498
529
499
499
529
530
529
560
530
530
560
561
560
591
561
561
591
592
591
622
592
592
622
623
622
653
623
623
653
654
653
684
654
654
684
685
684
715
685
685
715
716
715
746
716
716
746
747
746
777
747
747
777
778
777
808
778
778
808
809
808
839
809
809
839
840
839
870
840
840
870
871
870
901
871
871
901
902
901
932
902
902
932
933
3
34
4
4
34
35
34
65
35
35
65
66
65
96
66
66
96
97
96
127
97
97
127
128
127
158
128
128
158
159
158
189
159
159
189
190
189
220
190
190
220
221
220
251
221
221
251
252
251
282
252
252
282
283
282
313
283
283
313
314
313
344
314
314
344
345
344
375
345
345
375
376
375
406
376
376
406
407
406
437
407
407
437
438
437
468
438
438
468
469
468
499
469
469
499
500
499
530
500
500
530
531
530
561
531
531
561
562
561
592
562
562
592
593
592
623
593
593
623
624
623
654
624
624
654
655
654
685
655
655
685
686
685
716
686
686
716
717
716
747
717
717
747
748
747
778
748
748
778
779
778
809
779
779
809
810
809
840
810
810
840
841
840
871
841
841
871
872
871
902
872
872
902
903
902
933
903
903
933
934
4
35
5
5
35
36
35
66
36
36
66
67
66
97
67
67
97
98
97
128
98
98
128
129
128
159
129
129
159
160
159
190
160
160
190
191
190
221
191
191
221
222
221
252
222
222
252
253
252
283
253
253
283
284
283
314
284
284
314
315
314
345
315
315
345
346
345
376
346
346
376
377
376
407
377
377
407
408
407
438
408
408
438
439
438
469
439
439
469
470
469
500
470
470
500
501
500
531
501
501
531
532
531
562
532
532
562
563
562
593
563
563
593
594
593
624
594
594
624
625
624
655
625
625
655
656
655
686
656
656
686
687
686
717
687
687
717
718
717
748
718
718
748
749
748
779
749
749
779
780
779
810
780
780
810
811
810
841
811
811
841
842
841
872
842
842
872
873
872
903
873
873
903
904
903
934
904
904
934
935
5
36
6
6
36
37
36
67
37
37
67
68
67
98
68
68
98
99
98
129
99
99
129
130
129
160
130
130
160
161
160
191
161
161
191
192
191
222
192
192
222
223
222
253
223
223
253
254
253
284
254
254
284
285
284
315
285
285
315
316
315
346
316
316
346
347
346
377
347
347
377
378
377
408
378
378
408
409
408
439
409
409
439
440
439
470
440
440
470
471
470
501
471
471
501
502
501
532
502
502
532
533
532
563
533
533
563
564
563
594
564
564
594
595
594
625
595
595
625
626
625
656
626
626
656
657
656
687
657
657
687
688
687
718
688
688
718
719
718
749
719
719
749
750
749
780
750
750
780
781
780
811
781
781
811
812
811
842
812
812
842
843
842
873
843
843
873
874
873
904
874
874
904
905
904
935
905
905
935
936
6
37
7
7
37
38
37
68
38
38
68
69
68
99
69
69
99
100
99
130
100
100
130
131
130
161
131
131
161
162
161
192
162
162
192
193
192
223
193
193
223
224
223
254
224
224
254
255
254
285
255
255
285
286
285
316
286
286
316
317
316
347
317
317
347
348
347
378
348
348
378
379
378
409
379
379
409
410
409
440
410
410
440
441
440
471
441
441
471
472
471
502
472
472
502
503
502
533
503
503
533
534
533
564
534
534
564
565
564
595
565
565
595
596
595
626
596
596
626
627
626
657
627
627
657
658
657
688
658
658
688
689
688
719
689
689
719
720
719
750
720
720
750
751
750
781
751
751
781
782
781
812
782
782
812
813
812
843
813
813
843
844
843
874
844
844
874
875
874
905
875
875
905
906
905
936
906
906
936
937
7
38
8
8
38
39
38
69
39
39
69
70
69
100
70
70
100
101
100
131
101
101
131
132
131
162
132
132
162
163
162
193
163
163
193
194
193
224
194
194
224
225
224
255
225
225
255
256
255
286
256
256
286
287
286
317
287
287
317
318
317
348
318
318
348
349
348
379
349
349
379
380
379
410
380
380
410
411
410
441
411
411
441
442
441
472
442
442
472
473
472
503
473
473
503
504
503
534
504
504
534
535
534
565
535
535
565
566
565
596
566
566
596
597
596
627
597
597
627
628
627
658
628
628
658
659
658
689
659
659
689
690
689
720
690
690
720
721
720
751
721
721
751
752
751
782
752
752
782
783
782
813
783
783
813
814
813
844
814
814
844
845
844
875
845
845
875
876
875
906
876
876
906
907
906
937
907
907
937
938
8
39
9
9
39
40
39
70
40
40
70
71
70
101
71
71
101
102
101
132
102
102
132
133
132
163
133
133
163
164
163
194
164
164
194
195
194
225
195
195
225
226
225
256
226
226
256
257
256
287
257
257
287
288
287
318
288
288
318
319
318
349
319
319
349
350
349
380
350
350
380
381
380
411
381
381
411
412
411
442
412
412
442
443
442
473
443
443
473
474
473
504
474
474
504
505
504
535
505
505
535
536
535
566
536
536
566
567
566
597
567
567
597
598
597
628
598
598
628
629
628
659
629
629
659
660
659
690
660
660
690
691
690
721
691
691
721
722
721
752
722
722
752
753
752
783
753
753
783
784
783
814
784
784
814
815
814
845
815
815
845
846
845
876
846
846
876
877
876
907
877
877
907
908
907
938
908
908
938
939
9
40
10
10
40
41
40
71
41
41
71
72
71
102
72
72
102
103
102
133
103
103
133
134
133
164
134
134
164
165
164
195
165
165
195
196
195
226
196
196
226
227
226
257
227
227
257
258
257
288
258
258
288
289
288
319
289
289
319
320
319
350
320
320
350
351
350
381
351
351
381
382
381
412
382
382
412
413
412
443
413
413
443
444
443
474
444
444
474
475
474
505
475
475
505
506
505
536
506
506
536
537
536
567
537
537
567
568
567
598
568
568
598
599
598
629
599
599
629
630
629
660
630
630
660
661
660
691
661
661
691
692
691
722
692
692
722
723
722
753
723
723
753
754
753
784
754
754
784
785
784
815
785
785
815
816
815
846
816
816
846
847
846
877
847
847
877
878
877
908
878
878
908
909
908
939
909
909
939
940
10
41
11
11
41
42
41
72
42
42
72
73
72
103
73
73
103
104
103
134
104
104
134
135
134
165
135
135
165
166
165
196
166
166
196
197
196
227
197
197
227
228
227
258
228
228
258
259
258
289
259
259
289
290
289
320
290
290
320
321
320
351
321
321
351
352
351
382
352
352
382
383
382
413
383
383
413
414
413
444
414
414
444
445
444
475
445
445
475
476
475
506
476
476
506
507
506
537
507
507
537
538
537
568
538
538
568
569
568
599
569
569
599
600
599
630
600
600
630
631
630
661
631
631
661
662
661
692
662
662
692
693
692
723
693
693
723
724
723
754
724
724
754
755
754
785
755
755
785
786
785
816
786
786
816
817
816
847
817
817
847
848
847
878
848
848
878
879
878
909
879
879
909
910
909
940
910
910
940
941
11
42
12
12
42
43
42
73
43
43
73
74
73
104
74
74
104
105
104
135
105
105
135
136
135
166
136
136
166
167
166
197
167
167
197
198
197
228
198
198
228
229
228
259
229
229
259
260
259
290
260
260
290
291
290
321
291
291
321
322
321
352
322
322
352
353
352
383
353
353
383
384
383
414
384
384
414
415
414
445
415
415
445
446
445
476
446
446
476
477
476
507
477
477
507
508
507
538
508
508
538
539
538
569
539
539
569
570
569
600
570
570
600
601
600
631
601
601
631
632
631
662
632
632
662
663
662
693
663
663
693
694
693
724
694
694
724
725
724
755
725
725
755
756
755
786
756
756
786
787
786
817
787
787
817
818
817
848
818
818
848
849
848
879
849
849
879
880
879
910
880
880
910
911
910
941
911
911
941
942
12
43
13
13
43
44
43
74
44
44
74
75
74
105
75
75
105
106
105
136
106
106
136
137
136
167
137
137
167
168
167
198
168
168
198
199
198
229
199
199
229
230
229
260
230
230
260
261
260
291
261
261
291
292
291
322
292
292
322
323
322
353
323
323
353
354
353
384
354
354
384
385
384
415
385
385
415
416
415
446
416
416
446
447
446
477
447
447
477
478
477
508
478
478
508
509
508
539
509
509
539
540
539
570
540
540
570
571
570
601
571
571
601
602
601
632
602
602
632
633
632
663
633
633
663
664
663
694
664
664
694
695
694
725
695
695
725
726
725
756
726
726
756
757
756
787
757
757
787
788
787
818
788
788
818
819
818
849
819
819
849
850
849
880
850
850
880
881
880
911
881
881
911
912
911
942
912
912
942
943
13
44
14
14
44
45
44
75
45
45
75
76
75
106
76
76
106
107
106
137
107
107
137
138
137
168
138
138
168
169
168
199
169
169
199
200
199
230
200
200
230
231
230
261
231
231
261
262
261
292
262
262
292
293
292
323
293
293
323
324
323
354
324
324
354
355
354
385
355
355
385
386
385
416
386
386
416
417
416
447
417
417
447
448
447
478
448
448
478
479
478
509
479
479
509
510
509
540
510
510
540
541
540
571
541
541
571
572
571
602
572
572
602
603
602
633
603
603
633
634
633
664
634
634
664
665
664
695
665
665
695
696
695
726
696
696
726
727
726
757
727
727
757
758
757
788
758
758
788
789
788
819
789
789
819
820
819
850
820
820
850
851
850
881
851
851
881
882
881
912
882
882
912
913
912
943
913
913
943
944
14
45
15
15
45
46
45
76
46
46
76
77
76
107
77
77
107
108
107
138
108
108
138
139
138
169
139
139
169
170
169
200
170
170
200
201
200
231
201
201
231
232
231
262
232
232
262
263
262
293
263
263
293
294
293
324
294
294
324
325
324
355
325
325
355
356
355
386
356
356
386
387
386
417
387
387
417
418
417
448
418
418
448
449
448
479
449
449
479
480
479
510
480
480
510
511
510
541
511
511
541
542
541
572
542
542
572
573
572
603
573
573
603
604
603
634
604
604
634
635
634
665
635
635
665
666
665
696
666
666
696
697
696
727
697
697
727
728
727
758
728
728
758
759
758
789
759
759
789
790
789
820
790
790
820
821
820
851
821
821
851
852
851
882
852
852
882
883
882
913
883
883
913
914
913
944
914
914
944
945
15
46
16
16
46
47
46
77
47
47
77
78
77
108
78
78
108
109
108
139
109
109
139
140
139
170
140
140
170
171
170
201
171
171
201
202
201
232
202
202
232
233
232
263
233
233
263
264
263
294
264
264
294
295
294
325
295
295
325
326
325
356
326
326
356
357
356
387
357
357
387
388
387
418
388
388
418
419
418
449
419
419
449
450
449
480
450
450
480
481
480
511
481
481
511
512
511
542
512
512
542
543
542
573
543
543
573
574
573
604
574
574
604
605
604
635
605
605
635
636
635
666
636
636
666
667
666
697
667
667
697
698
697
728
698
698
728
729
728
759
729
729
759
760
759
790
760
760
790
791
790
821
791
791
821
822
821
852
822
822
852
853
852
883
853
853
883
884
883
914
884
884
914
915
914
945
915
915
945
946
16
47
17
17
47
48
47
78
48
48
78
79
78
109
79
79
109
110
109
140
110
110
140
141
140
171
141
141
171
172
171
202
172
172
202
203
202
233
203
203
233
234
233
264
234
234
264
265
264
295
265
265
295
296
295
326
296
296
326
327
326
357
327
327
357
358
357
388
358
358
388
389
388
419
389
389
419
420
419
450
420
420
450
451
450
481
451
451
481
482
481
512
482
482
512
513
512
543
513
513
543
544
543
574
544
544
574
575
574
605
575
575
605
606
605
636
606
606
636
637
636
667
637
637
667
668
667
698
668
668
698
699
698
729
699
699
729
730
729
760
730
730
760
761
760
791
761
761
791
792
791
822
792
792
822
823
822
853
823
823
853
854
853
884
854
854
884
885
884
915
885
885
915
916
915
946
916
916
946
947
17
48
18
18
48
49
48
79
49
49
79
80
79
110
80
80
110
111
110
141
111
111
141
142
141
172
142
142
172
173
172
203
173
173
203
204
203
234
204
204
234
235
234
265
235
235
265
266
265
296
266
266
296
297
296
327
297
297
327
328
327
358
328
328
358
359
358
389
359
359
389
390
389
420
390
390
420
421
420
451
421
421
451
452
451
482
452
452
482
483
482
513
483
483
513
514
513
544
514
514
544
545
544
575
545
545
575
576
575
606
576
576
606
607
606
637
607
607
637
638
637
668
638
638
668
669
668
699
669
669
699
700
699
730
700
700
730
731
730
761
731
731
761
762
761
792
762
762
792
793
792
823
793
793
823
824
823
854
824
824
854
855
854
885
855
855
885
886
885
916
886
886
916
917
916
947
917
917
947
948
18
49
19
19
49
50
49
80
50
50
80
81
80
111
81
81
111
112
111
142
112
112
142
143
142
173
143
143
173
174
173
204
174
174
204
205
204
235
205
205
235
236
235
266
236
236
266
267
266
297
267
267
297
298
297
328
298
298
328
329
328
359
329
329
359
360
359
390
360
360
390
391
390
421
391
391
421
422
421
452
422
422
452
453
452
483
453
453
483
484
483
514
484
484
514
515
514
545
515
515
545
546
545
576
546
546
576
577
576
607
577
577
607
608
607
638
608
608
638
639
638
669
639
639
669
670
669
700
670
670
700
701
700
731
701
701
731
732
731
762
732
732
762
763
762
793
763
763
793
794
793
824
794
794
824
825
824
855
825
825
855
856
855
886
856
856
886
887
886
917
887
887
917
918
917
948
918
918
948
949
19
50
20
20
50
51
50
81
51
51
81
82
81
112
82
82
112
113
112
143
113
113
143
144
143
174
144
144
174
175
174
205
175
175
205
206
205
236
206
206
236
237
236
267
237
237
267
268
267
298
268
268
298
299
298
329
299
299
329
330
329
360
330
330
360
361
360
391
361
361
391
392
391
422
392
392
422
423
422
453
423
423
453
454
453
484
454
454
484
485
484
515
485
485
515
516
515
546
516
516
546
547
546
577
547
547
577
578
577
608
578
578
608
609
608
639
609
609
639
640
639
670
640
640
670
671
670
701
671
671
701
702
701
732
702
702
732
733
732
763
733
733
763
764
763
794
764
764
794
795
794
825
795
795
825
826
825
856
826
826
856
857
856
887
857
857
887
888
887
918
888
888
918
919
918
949
919
919
949
950
20
51
21
21
51
52
51
82
52
52
82
83
82
113
83
83
113
114
113
144
114
114
144
145
144
175
145
145
175
176
175
206
176
176
206
207
206
237
207
207
237
238
237
268
238
238
268
269
268
299
269
269
299
300
299
330
300
300
330
331
330
361
331
331
361
362
361
392
362
362
392
393
392
423
393
393
423
424
423
454
424
424
454
455
454
485
455
455
485
486
485
516
486
486
516
517
516
547
517
517
547
548
547
578
548
548
578
579
578
609
579
579
609
610
609
640
610
610
640
641
640
671
641
641
671
672
671
702
672
672
702
703
702
733
703
703
733
734
733
764
734
734
764
765
764
795
765
765
795
796
795
826
796
796
826
827
826
857
827
827
857
858
857
888
858
858
888
889
888
919
889
889
919
920
919
950
920
920
950
951
21
52
22
22
52
53
52
83
53
53
83
84
83
114
84
84
114
115
114
145
115
115
145
146
145
176
146
146
176
177
176
207
177
177
207
208
207
238
208
208
238
239
238
269
239
239
269
270
269
300
270
270
300
301
300
331
301
301
331
332
331
362
332
332
362
363
362
393
363
363
393
394
393
424
394
394
424
425
424
455
425
425
455
456
455
486
456
456
486
487
486
517
487
487
517
518
517
548
518
518
548
549
548
579
549
549
579
580
579
610
580
580
610
611
610
641
611
611
641
642
641
672
642
642
672
673
672
703
673
673
703
704
703
734
704
704
734
735
734
765
735
735
765
766
765
796
766
766
796
797
796
827
797
797
827
828
827
858
828
828
858
859
858
889
859
859
889
890
889
920
890
890
920
921
920
951
921
921
951
952
22
53
23
23
53
54
53
84
54
54
84
85
84
115
85
85
115
116
115
146
116
116
146
147
146
177
147
147
177
178
177
208
178
178
208
209
208
239
209
209
239
240
239
270
240
240
270
271
270
301
271
271
301
302
301
332
302
302
332
333
332
363
333
333
363
364
363
394
364
364
394
395
394
425
395
395
425
426
425
456
426
426
456
457
456
487
457
457
487
488
487
518
488
488
518
519
518
549
519
519
549
550
549
580
550
550
580
581
580
611
581
581
611
612
611
642
612
612
642
643
642
673
643
643
673
674
673
704
674
674
704
705
704
735
705
705
735
736
735
766
736
736
766
767
766
797
767
767
797
798
797
828
798
798
828
829
828
859
829
829
859
860
859
890
860
860
890
891
890
921
891
891
921
922
921
952
922
922
952
953
23
54
24
24
54
55
54
85
55
55
85
86
85
116
86
86
116
117
116
147
117
117
147
148
147
178
148
148
178
179
178
209
179
179
209
210
209
240
210
210
240
241
240
271
241
241
271
272
271
302
272
272
302
303
302
333
303
303
333
334
333
364
334
334
364
365
364
395
365
365
395
396
395
426
396
396
426
427
426
457
427
427
457
458
457
488
458
458
488
489
488
519
489
489
519
520
519
550
520
520
550
551
550
581
551
551
581
582
581
612
582
582
612
613
612
643
613
613
643
644
643
674
644
644
674
675
674
705
675
675
705
706
705
736
706
706
736
737
736
767
737
737
767
768
767
798
768
768
798
799
798
829
799
799
829
830
829
860
830
830
860
861
860
891
861
861
891
892
891
922
892
892
922
923
922
953
923
923
953
954
24
55
25
25
55
56
55
86
56
56
86
87
86
117
87
87
117
118
117
148
118
118
148
149
148
179
149
149
179
180
179
210
180
180
210
211
210
241
211
211
241
242
241
272
242
242
272
273
272
303
273
273
303
304
303
334
304
304
334
335
334
365
335
335
365
366
365
396
366
366
396
397
396
427
397
397
427
428
427
458
428
428
458
459
458
489
459
459
489
490
489
520
490
490
520
521
520
551
521
521
551
552
551
582
552
552
582
583
582
613
583
583
613
614
613
644
614
614
644
645
644
675
645
645
675
676
675
706
676
676
706
707
706
737
707
707
737
738
737
768
738
738
768
769
768
799
769
769
799
800
799
830
800
800
830
831
830
861
831
831
861
862
861
892
862
862
892
893
892
923
893
893
923
924
923
954
924
924
954
955
25
56
26
26
56
57
56
87
57
57
87
88
87
118
88
88
118
119
118
149
119
119
149
150
149
180
150
150
180
181
180
211
181
181
211
212
211
242
212
212
242
243
242
273
243
243
273
274
273
304
274
274
304
305
304
335
305
305
335
336
335
366
336
336
366
367
366
397
367
367
397
398
397
428
398
398
428
429
428
459
429
429
459
460
459
490
460
460
490
491
490
521
491
491
521
522
521
552
522
522
552
553
552
583
553
553
583
584
583
614
584
584
614
615
614
645
615
615
645
646
645
676
646
646
676
677
676
707
677
677
707
708
707
738
708
708
738
739
738
769
739
739
769
770
769
800
770
770
800
801
800
831
801
801
831
832
831
862
832
832
862
863
862
893
863
863
893
894
893
924
894
894
924
925
924
955
925
925
955
956
26
57
27
27
57
58
57
88
58
58
88
89
88
119
89
89
119
120
119
150
120
120
150
151
150
181
151
151
181
182
181
212
182
182
212
213
212
243
213
213
243
244
243
274
244
244
274
275
274
305
275
275
305
306
305
336
306
306
336
337
336
367
337
337
367
368
367
398
368
368
398
399
398
429
399
399
429
430
429
460
430
430
460
461
460
491
461
461
491
492
491
522
492
492
522
523
522
553
523
523
553
554
553
584
554
554
584
585
584
615
585
585
615
616
615
646
616
616
646
647
646
677
647
647
677
678
677
708
678
678
708
709
708
739
709
709
739
740
739
770
740
740
770
771
770
801
771
771
801
802
801
832
802
802
832
833
832
863
833
833
863
864
863
894
864
864
894
895
894
925
895
895
925
926
925
956
926
926
956
957
27
58
28
28
58
59
58
89
59
59
89
90
89
120
90
90
120
121
120
151
121
121
151
152
151
182
152
152
182
183
182
213
183
183
213
214
213
244
214
214
244
245
244
275
245
245
275
276
275
306
276
276
306
307
306
337
307
307
337
338
337
368
338
338
368
369
368
399
369
369
399
400
399
430
400
400
430
431
430
461
431
431
461
462
461
492
462
462
492
493
492
523
493
493
523
524
523
554
524
524
554
555
554
585
555
555
585
586
585
616
586
586
616
617
616
647
617
617
647
648
647
678
648
648
678
679
678
709
679
679
709
710
709
740
710
710
740
741
740
771
741
741
771
772
771
802
772
772
802
803
802
833
803
803
833
834
833
864
834
834
864
865
864
895
865
865
895
896
895
926
896
896
926
927
926
957
927
927
957
958
28
59
29
29
59
60
59
90
60
60
90
91
90
121
91
91
121
122
121
152
122
122
152
153
152
183
153
153
183
184
183
214
184
184
214
215
214
245
215
215
245
246
245
276
246
246
276
277
276
307
277
277
307
308
307
338
308
308
338
339
338
369
339
339
369
370
369
400
370
370
400
401
400
431
401
401
431
432
431
462
432
432
462
463
462
493
463
463
493
494
493
524
494
494
524
525
524
555
525
525
555
556
555
586
556
556
586
587
586
617
587
587
617
618
617
648
618
618
648
649
648
679
649
649
679
680
679
710
680
680
710
711
710
741
711
711
741
742
741
772
742
742
772
773
772
803
773
773
803
804
803
834
804
804
834
835
834
865
835
835
865
866
865
896
866
866
896
897
896
927
897
897
927
928
927
958
928
928
958
959
29
60
30
30
60
61
60
91
61
61
91
92
91
122
92
92
122
123
122
153
123
123
153
154
153
184
154
154
184
185
184
215
185
185
215
216
215
246
216
216
246
247
246
277
247
247
277
278
277
308
278
278
308
309
308
339
309
309
339
340
339
370
340
340
370
371
370
401
371
371
401
402
401
432
402
402
432
433
432
463
433
433
463
464
463
494
464
464
494
495
494
525
495
495
525
526
525
556
526
526
556
557
556
587
557
557
587
588
587
618
588
588
618
619
618
649
619
619
649
650
649
680
650
650
680
681
680
711
681
681
711
712
711
742
712
712
742
743
742
773
743
743
773
774
773
804
774
774
804
805
804
835
805
805
835
836
835
866
836
836
866
867
866
897
867
867
897
898
897
928
898
898
928
929
928
959
929
929
959
960
