-23.511131093
23.511131093
-23.9451203098
22.3487789558
-24.4047807621
21.1508099938
-24.8781978372
19.9025582698
-25.3543394862
18.5931822899
-25.8230562242
17.2153708161
-26.27508113
15.765048678
-26.7020298465
14.2410825848
-27.0964005804
12.6449869375
-27.4515741025
10.980629641
-27.7618137473
9.25393791576
-28.0222654132
7.4726041102
-28.2289575628
5.64579151256
-28.3788012223
3.78384016297
-28.4695899819
1.89797266546
-28.4999999957
-0.0
-28.4695899819
-1.89797266546
-28.3788012223
-3.78384016297
-28.2289575628
-5.64579151256
-28.0222654132
-7.4726041102
-27.7618137473
-9.25393791576
-27.4515741025
-10.980629641
-27.0964005804
-12.6449869375
-26.7020298465
-14.2410825848
-26.27508113
-15.765048678
-25.8230562242
-17.2153708161
-25.3543394862
-18.5931822899
-24.8781978372
-19.9025582698
-24.4047807621
-21.1508099938
-23.9451203098
-22.3487789558
-23.511131093
-23.511131093
-22.3487789558
23.9451203098
-22.8115650441
22.8115650441
-23.2943296085
21.6304489222
-23.7859523436
20.3879591516
-24.2761366704
19.0741073839
-24.7554097364
17.682435526
-25.2151224152
16.2097215527
-25.6474493068
14.6556853182
-26.0453887375
13.0226943688
-26.4027627599
11.3154697542
-26.714217153
9.54079184034
-26.9752214219
7.70720612055
-27.1820687984
5.82472902822
-27.3318762402
3.9045537486
-27.4225844316
1.95875603083
-27.4529577832
-0.0
-27.4225844316
-1.95875603083
-27.3318762402
-3.9045537486
-27.1820687984
-5.82472902822
-26.9752214219
-7.70720612055
-26.714217153
-9.54079184034
-26.4027627599
-11.3154697542
-26.0453887375
-13.0226943688
-25.6474493068
-14.6556853182
-25.2151224152
-16.2097215527
-24.7554097364
-17.682435526
-24.2761366704
-19.0741073839
-23.7859523436
-20.3879591516
-23.2943296085
-21.6304489222
-22.8115650441
-22.8115650441
-22.3487789558
-23.9451203098
-21.1508099938
24.4047807621
-21.6304489222
23.2943296085
-22.1251972933
22.1251972933
-22.6247291094
20.8843653317
-23.1194832615
19.5626396828
-23.6006635292
18.1543565609
-24.060238581
16.6570882484
-24.490941974
15.071348907
-24.886272154
13.4003003906
-25.2404924556
11.6494580564
-25.5486311022
9.82639657778
-25.8064812058
7.94045575562
-26.010600767
6.00244633085
-26.1583126754
4.02435579622
-26.2477047092
2.0190542084
-26.2776295352
-0.0
-26.2477047092
-2.0190542084
-26.1583126754
-4.02435579622
-26.010600767
-6.00244633085
-25.8064812058
-7.94045575562
-25.5486311022
-9.82639657778
-25.2404924556
-11.6494580564
-24.886272154
-13.4003003906
-24.490941974
-15.071348907
-24.060238581
-16.6570882484
-23.6006635292
-18.1543565609
-23.1194832615
-19.5626396828
-22.6247291094
-20.8843653317
-22.1251972933
-22.1251972933
-21.6304489222
-23.2943296085
-21.1508099938
-24.4047807621
-19.9025582698
24.8781978372
-20.3879591516
23.7859523436
-20.8843653317
22.6247291094
-21.3822451198
21.3822451198
-21.8727728768
20.0500418037
-22.3478290147
18.6231908455
-22.7999999966
17.0999999974
-23.2225783368
15.4817188912
-23.6095626008
13.7722448504
-23.955657405
11.9778287025
-24.2562734171
10.1067805905
-24.507527356
8.16917578532
-24.7062419915
6.17656049786
-24.8499461446
4.14165769077
-24.9368746877
2.07807289064
-24.9659685439
-0.0
-24.9368746877
-2.07807289064
-24.8499461446
-4.14165769077
-24.7062419915
-6.17656049786
-24.507527356
-8.16917578532
-24.2562734171
-10.1067805905
-23.955657405
-11.9778287025
-23.6095626008
-13.7722448504
-23.2225783368
-15.4817188912
-22.7999999966
-17.0999999974
-22.3478290147
-18.6231908455
-21.8727728768
-20.0500418037
-21.3822451198
-21.3822451198
-20.8843653317
-22.6247291094
-20.3879591516
-23.7859523436
-19.9025582698
-24.8781978372
-18.5931822899
25.3543394862
-19.0741073839
24.2761366704
-19.5626396828
23.1194832615
-20.0500418037
21.8727728768
-20.5282235776
20.5282235776
-20.9897420488
19.0815836807
-21.4278014751
17.5318375705
-21.836253328
15.8809115112
-22.2095962924
14.1333794588
-22.5429762668
12.2961688728
-22.8321863633
10.3782665288
-23.0736669074
8.39042432996
-23.2645054382
6.3448651195
-23.4024367083
4.25498849242
-23.4858426839
2.13507660763
-23.5137525447
-0.0
-23.4858426839
-2.13507660763
-23.4024367083
-4.25498849242
-23.2645054382
-6.3448651195
-23.0736669074
-8.39042432996
-22.8321863633
-10.3782665288
-22.5429762668
-12.2961688728
-22.2095962924
-14.1333794588
-21.836253328
-15.8809115112
-21.4278014751
-17.5318375705
-20.9897420488
-19.0815836807
-20.5282235776
-20.5282235776
-20.0500418037
-21.8727728768
-19.5626396828
-23.1194832615
-19.0741073839
-24.2761366704
-18.5931822899
-25.3543394862
-17.2153708161
25.8230562242
-17.682435526
24.7554097364
-18.1543565609
23.6006635292
-18.6231908455
22.3478290147
-19.0815836807
20.9897420488
-19.522768743
19.522768743
-19.9405680851
17.9465112766
-20.3293921356
16.2635137085
-20.684239699
14.4789677893
-21.0006979557
12.6004187734
-21.2749424621
10.637471231
-21.5037371505
8.6014948602
-21.6844343292
6.50533029877
-21.8149746824
4.36299493649
-21.8938872703
2.18938872703
-21.9202895289
-0.0
-21.8938872703
-2.18938872703
-21.8149746824
-4.36299493649
-21.6844343292
-6.50533029877
-21.5037371505
-8.6014948602
-21.2749424621
-10.637471231
-21.0006979557
-12.6004187734
-20.684239699
-14.4789677893
-20.3293921356
-16.2635137085
-19.9405680851
-17.9465112766
-19.522768743
-19.522768743
-19.0815836807
-20.9897420488
-18.6231908455
-22.3478290147
-18.1543565609
-23.6006635292
-17.682435526
-24.7554097364
-17.2153708161
-25.8230562242
-15.765048678
26.27508113
-16.2097215527
25.2151224152
-16.6570882484
24.060238581
-17.0999999974
22.7999999966
-17.5318375705
21.4278014751
-17.9465112766
19.9405680851
-18.3384609631
18.3384609631
-18.7026560157
16.6245831251
-19.0345953585
14.8046852788
-19.3303074538
12.8868716359
-19.5863503025
10.8813057236
-19.7998114435
8.7999161971
-19.9683079543
6.65610265144
-20.0899864508
4.46444143351
-20.163523087
2.24039145412
-20.1881235555
-0.0
-20.163523087
-2.24039145412
-20.0899864508
-4.46444143351
-19.9683079543
-6.65610265144
-19.7998114435
-8.7999161971
-19.5863503025
-10.8813057236
-19.3303074538
-12.8868716359
-19.0345953585
-14.8046852788
-18.7026560157
-16.6245831251
-18.3384609631
-18.3384609631
-17.9465112766
-19.9405680851
-17.5318375705
-21.4278014751
-17.0999999974
-22.7999999966
-16.6570882484
-24.060238581
-16.2097215527
-25.2151224152
-15.765048678
-26.27508113
-14.2410825848
26.7020298465
-14.6556853182
25.6474493068
-15.071348907
24.490941974
-15.4817188912
23.2225783368
-15.8809115112
21.836253328
-16.2635137085
20.3293921356
-16.6245831251
18.7026560157
-16.9596481039
16.9596481039
-17.2647076884
15.1066192274
-17.5362316231
13.1521737174
-17.7711603531
11.1069752207
-17.9669050241
8.98345251207
-18.1213474829
6.7955053061
-18.2328402768
4.5582100692
-18.3002066539
2.28752583173
-18.322740563
-0.0
-18.3002066539
-2.28752583173
-18.2328402768
-4.5582100692
-18.1213474829
-6.7955053061
-17.9669050241
-8.98345251207
-17.7711603531
-11.1069752207
-17.5362316231
-13.1521737174
-17.2647076884
-15.1066192274
-16.9596481039
-16.9596481039
-16.6245831251
-18.7026560157
-16.2635137085
-20.3293921356
-15.8809115112
-21.836253328
-15.4817188912
-23.2225783368
-15.071348907
-24.490941974
-14.6556853182
-25.6474493068
-14.2410825848
-26.7020298465
-12.6449869375
27.0964005804
-13.0226943688
26.0453887375
-13.4003003906
24.886272154
-13.7722448504
23.6095626008
-14.1333794588
22.2095962924
-14.4789677893
20.684239699
-14.8046852788
19.0345953585
-15.1066192274
17.2647076884
-15.3812687981
15.3812687981
-15.6255450173
13.3933243005
-15.8367707744
11.3119791246
-16.0126808221
9.15010332693
-16.1514217762
6.92203790409
-16.2515521156
4.64330060445
-16.3120421824
2.33029174034
-16.3322741818
-0.0
-16.3120421824
-2.33029174034
-16.2515521156
-4.64330060445
-16.1514217762
-6.92203790409
-16.0126808221
-9.15010332693
-15.8367707744
-11.3119791246
-15.6255450173
-13.3933243005
-15.3812687981
-15.3812687981
-15.1066192274
-17.2647076884
-14.8046852788
-19.0345953585
-14.4789677893
-20.684239699
-14.1333794588
-22.2095962924
-13.7722448504
-23.6095626008
-13.4003003906
-24.886272154
-13.0226943688
-26.0453887375
-12.6449869375
-27.0964005804
-10.980629641
27.4515741025
-11.3154697542
26.4027627599
-11.6494580564
25.2404924556
-11.9778287025
23.955657405
-12.2961688728
22.5429762668
-12.6004187734
21.0006979557
-12.8868716359
19.3303074538
-13.1521737174
17.5362316231
-13.3933243005
15.6255450173
-13.6076756937
13.6076756937
-13.7929332306
11.4941110255
-13.9471552708
9.29810351385
-14.0687531991
7.03437659954
-14.1564914261
4.71883047535
-14.2094873878
2.36824789797
-14.227211546
-0.0
-14.2094873878
-2.36824789797
-14.1564914261
-4.71883047535
-14.0687531991
-7.03437659954
-13.9471552708
-9.29810351385
-13.7929332306
-11.4941110255
-13.6076756937
-13.6076756937
-13.3933243005
-15.6255450173
-13.1521737174
-17.5362316231
-12.8868716359
-19.3303074538
-12.6004187734
-21.0006979557
-12.2961688728
-22.5429762668
-11.9778287025
-23.955657405
-11.6494580564
-25.2404924556
-11.3154697542
-26.4027627599
-10.980629641
-27.4515741025
-9.25393791576
27.7618137473
-9.54079184034
26.714217153
-9.82639657778
25.5486311022
-10.1067805905
24.2562734171
-10.3782665288
22.8321863633
-10.637471231
21.2749424621
-10.8813057236
19.5863503025
-11.1069752207
17.7711603531
-11.3119791246
15.8367707744
-11.4941110255
13.7929332306
-11.6514587017
11.6514587017
-11.7824041192
9.42592329538
-11.8856234323
7.13137405937
-11.960086983
4.78403479319
-12.0050593014
2.40101186027
-12.0200991055
-0.0
-12.0050593014
-2.40101186027
-11.960086983
-4.78403479319
-11.8856234323
-7.13137405937
-11.7824041192
-9.42592329538
-11.6514587017
-11.6514587017
-11.4941110255
-13.7929332306
-11.3119791246
-15.8367707744
-11.1069752207
-17.7711603531
-10.8813057236
-19.5863503025
-10.637471231
-21.2749424621
-10.3782665288
-22.8321863633
-10.1067805905
-24.2562734171
-9.82639657778
-25.5486311022
-9.54079184034
-26.714217153
-9.25393791576
-27.7618137473
-7.4726041102
28.0222654132
-7.70720612055
26.9752214219
-7.94045575562
25.8064812058
-8.16917578532
24.507527356
-8.39042432996
23.0736669074
-8.6014948602
21.5037371505
-8.7999161971
19.7998114435
-8.98345251207
17.9669050241
-9.15010332693
16.0126808221
-9.29810351385
13.9471552708
-9.42592329538
11.7824041192
-9.53226824445
9.53226824445
-9.61607928438
7.21205946328
-9.67653268884
4.83826634442
-9.71304008189
2.42826002047
-9.72524843797
-0.0
-9.71304008189
-2.42826002047
-9.67653268884
-4.83826634442
-9.61607928438
-7.21205946328
-9.53226824445
-9.53226824445
-9.42592329538
-11.7824041192
-9.29810351385
-13.9471552708
-9.15010332693
-16.0126808221
-8.98345251207
-17.9669050241
-8.7999161971
-19.7998114435
-8.6014948602
-21.5037371505
-8.39042432996
-23.0736669074
-8.16917578532
-24.507527356
-7.94045575562
-25.8064812058
-7.70720612055
-26.9752214219
-7.4726041102
-28.0222654132
-5.64579151256
28.2289575628
-5.82472902822
27.1820687984
-6.00244633085
26.010600767
-6.17656049786
24.7062419915
-6.3448651195
23.2645054382
-6.50533029877
21.6844343292
-6.65610265144
19.9683079543
-6.7955053061
18.1213474829
-6.92203790409
16.1514217762
-7.03437659954
14.0687531991
-7.13137405937
11.8856234323
-7.21205946328
9.61607928438
-7.27563850376
7.27563850376
-7.32149338605
4.8809955907
-7.3491828282
2.4497276094
-7.35844206105
-0.0
-7.3491828282
-2.4497276094
-7.32149338605
-4.8809955907
-7.27563850376
-7.27563850376
-7.21205946328
-9.61607928438
-7.13137405937
-11.8856234323
-7.03437659954
-14.0687531991
-6.92203790409
-16.1514217762
-6.7955053061
-18.1213474829
-6.65610265144
-19.9683079543
-6.50533029877
-21.6844343292
-6.3448651195
-23.2645054382
-6.17656049786
-24.7062419915
-6.00244633085
-26.010600767
-5.82472902822
-27.1820687984
-5.64579151256
-28.2289575628
-3.78384016297
28.3788012223
-3.9045537486
27.3318762402
-4.02435579622
26.1583126754
-4.14165769077
24.8499461446
-4.25498849242
23.4024367083
-4.36299493649
21.8149746824
-4.46444143351
20.0899864508
-4.5582100692
18.2328402768
-4.64330060445
16.2515521156
-4.71883047535
14.1564914261
-4.78403479319
11.960086983
-4.83826634442
9.67653268884
-4.8809955907
7.32149338605
-4.91181066887
4.91181066887
-4.93041739096
2.46520869548
-4.93663924419
-0.0
-4.93041739096
-2.46520869548
-4.91181066887
-4.91181066887
-4.8809955907
-7.32149338605
-4.83826634442
-9.67653268884
-4.78403479319
-11.960086983
-4.71883047535
-14.1564914261
-4.64330060445
-16.2515521156
-4.5582100692
-18.2328402768
-4.46444143351
-20.0899864508
-4.36299493649
-21.8149746824
-4.25498849242
-23.4024367083
-4.14165769077
-24.8499461446
-4.02435579622
-26.1583126754
-3.9045537486
-27.3318762402
-3.78384016297
-28.3788012223
-1.89797266546
28.4695899819
-1.95875603083
27.4225844316
-2.0190542084
26.2477047092
-2.07807289064
24.9368746877
-2.13507660763
23.4858426839
-2.18938872703
21.8938872703
-2.24039145412
20.163523087
-2.28752583173
18.3002066539
-2.33029174034
16.3120421824
-2.36824789797
14.2094873878
-2.40101186027
12.0050593014
-2.42826002047
9.71304008189
-2.4497276094
7.3491828282
-2.46520869548
4.93041739096
-2.47455618472
2.47455618472
-2.47768182073
-0.0
-2.47455618472
-2.47455618472
-2.46520869548
-4.93041739096
-2.4497276094
-7.3491828282
-2.42826002047
-9.71304008189
-2.40101186027
-12.0050593014
-2.36824789797
-14.2094873878
-2.33029174034
-16.3120421824
-2.28752583173
-18.3002066539
-2.24039145412
-20.163523087
-2.18938872703
-21.8938872703
-2.13507660763
-23.4858426839
-2.07807289064
-24.9368746877
-2.0190542084
-26.2477047092
-1.95875603083
-27.4225844316
-1.89797266546
-28.4695899819
0.0
28.4999999957
0.0
27.4529577832
0.0
26.2776295352
0.0
24.9659685439
0.0
23.5137525447
0.0
21.9202895289
0.0
20.1881235555
0.0
18.322740563
0.0
16.3322741818
0.0
14.227211546
0.0
12.0200991055
0.0
9.72524843797
0.0
7.35844206105
0.0
4.93663924419
0.0
2.47768182073
0.0
-0.0
0.0
-2.47768182073
0.0
-4.93663924419
0.0
-7.35844206105
0.0
-9.72524843797
0.0
-12.0200991055
0.0
-14.227211546
0.0
-16.3322741818
0.0
-18.322740563
0.0
-20.1881235555
0.0
-21.9202895289
0.0
-23.5137525447
0.0
-24.9659685439
0.0
-26.2776295352
0.0
-27.4529577832
0.0
-28.4999999957
1.89797266546
28.4695899819
1.95875603083
27.4225844316
2.0190542084
26.2477047092
2.07807289064
24.9368746877
2.13507660763
23.4858426839
2.18938872703
21.8938872703
2.24039145412
20.163523087
2.28752583173
18.3002066539
2.33029174034
16.3120421824
2.36824789797
14.2094873878
2.40101186027
12.0050593014
2.42826002047
9.71304008189
2.4497276094
7.3491828282
2.46520869548
4.93041739096
2.47455618472
2.47455618472
2.47768182073
-0.0
2.47455618472
-2.47455618472
2.46520869548
-4.93041739096
2.4497276094
-7.3491828282
2.42826002047
-9.71304008189
2.40101186027
-12.0050593014
2.36824789797
-14.2094873878
2.33029174034
-16.3120421824
2.28752583173
-18.3002066539
2.24039145412
-20.163523087
2.18938872703
-21.8938872703
2.13507660763
-23.4858426839
2.07807289064
-24.9368746877
2.0190542084
-26.2477047092
1.95875603083
-27.4225844316
1.89797266546
-28.4695899819
3.78384016297
28.3788012223
3.9045537486
27.3318762402
4.02435579622
26.1583126754
4.14165769077
24.8499461446
4.25498849242
23.4024367083
4.36299493649
21.8149746824
4.46444143351
20.0899864508
4.5582100692
18.2328402768
4.64330060445
16.2515521156
4.71883047535
14.1564914261
4.78403479319
11.960086983
4.83826634442
9.67653268884
4.8809955907
7.32149338605
4.91181066887
4.91181066887
4.93041739096
2.46520869548
4.93663924419
-0.0
4.93041739096
-2.46520869548
4.91181066887
-4.91181066887
4.8809955907
-7.32149338605
4.83826634442
-9.67653268884
4.78403479319
-11.960086983
4.71883047535
-14.1564914261
4.64330060445
-16.2515521156
4.5582100692
-18.2328402768
4.46444143351
-20.0899864508
4.36299493649
-21.8149746824
4.25498849242
-23.4024367083
4.14165769077
-24.8499461446
4.02435579622
-26.1583126754
3.9045537486
-27.3318762402
3.78384016297
-28.3788012223
5.64579151256
28.2289575628
5.82472902822
27.1820687984
6.00244633085
26.010600767
6.17656049786
24.7062419915
6.3448651195
23.2645054382
6.50533029877
21.6844343292
6.65610265144
19.9683079543
6.7955053061
18.1213474829
6.92203790409
16.1514217762
7.03437659954
14.0687531991
7.13137405937
11.8856234323
7.21205946328
9.61607928438
7.27563850376
7.27563850376
7.32149338605
4.8809955907
7.3491828282
2.4497276094
7.35844206105
-0.0
7.3491828282
-2.4497276094
7.32149338605
-4.8809955907
7.27563850376
-7.27563850376
7.21205946328
-9.61607928438
7.13137405937
-11.8856234323
7.03437659954
-14.0687531991
6.92203790409
-16.1514217762
6.7955053061
-18.1213474829
6.65610265144
-19.9683079543
6.50533029877
-21.6844343292
6.3448651195
-23.2645054382
6.17656049786
-24.7062419915
6.00244633085
-26.010600767
5.82472902822
-27.1820687984
5.64579151256
-28.2289575628
7.4726041102
28.0222654132
7.70720612055
26.9752214219
7.94045575562
25.8064812058
8.16917578532
24.507527356
8.39042432996
23.0736669074
8.6014948602
21.5037371505
8.7999161971
19.7998114435
8.98345251207
17.9669050241
9.15010332693
16.0126808221
9.29810351385
13.9471552708
9.42592329538
11.7824041192
9.53226824445
9.53226824445
9.61607928438
7.21205946328
9.67653268884
4.83826634442
9.71304008189
2.42826002047
9.72524843797
-0.0
9.71304008189
-2.42826002047
9.67653268884
-4.83826634442
9.61607928438
-7.21205946328
9.53226824445
-9.53226824445
9.42592329538
-11.7824041192
9.29810351385
-13.9471552708
9.15010332693
-16.0126808221
8.98345251207
-17.9669050241
8.7999161971
-19.7998114435
8.6014948602
-21.5037371505
8.39042432996
-23.0736669074
8.16917578532
-24.507527356
7.94045575562
-25.8064812058
7.70720612055
-26.9752214219
7.4726041102
-28.0222654132
9.25393791576
27.7618137473
9.54079184034
26.714217153
9.82639657778
25.5486311022
10.1067805905
24.2562734171
10.3782665288
22.8321863633
10.637471231
21.2749424621
10.8813057236
19.5863503025
11.1069752207
17.7711603531
11.3119791246
15.8367707744
11.4941110255
13.7929332306
11.6514587017
11.6514587017
11.7824041192
9.42592329538
11.8856234323
7.13137405937
11.960086983
4.78403479319
12.0050593014
2.40101186027
12.0200991055
-0.0
12.0050593014
-2.40101186027
11.960086983
-4.78403479319
11.8856234323
-7.13137405937
11.7824041192
-9.42592329538
11.6514587017
-11.6514587017
11.4941110255
-13.7929332306
11.3119791246
-15.8367707744
11.1069752207
-17.7711603531
10.8813057236
-19.5863503025
10.637471231
-21.2749424621
10.3782665288
-22.8321863633
10.1067805905
-24.2562734171
9.82639657778
-25.5486311022
9.54079184034
-26.714217153
9.25393791576
-27.7618137473
10.980629641
27.4515741025
11.3154697542
26.4027627599
11.6494580564
25.2404924556
11.9778287025
23.955657405
12.2961688728
22.5429762668
12.6004187734
21.0006979557
12.8868716359
19.3303074538
13.1521737174
17.5362316231
13.3933243005
15.6255450173
13.6076756937
13.6076756937
13.7929332306
11.4941110255
13.9471552708
9.29810351385
14.0687531991
7.03437659954
14.1564914261
4.71883047535
14.2094873878
2.36824789797
14.227211546
-0.0
14.2094873878
-2.36824789797
14.1564914261
-4.71883047535
14.0687531991
-7.03437659954
13.9471552708
-9.29810351385
13.7929332306
-11.4941110255
13.6076756937
-13.6076756937
13.3933243005
-15.6255450173
13.1521737174
-17.5362316231
12.8868716359
-19.3303074538
12.6004187734
-21.0006979557
12.2961688728
-22.5429762668
11.9778287025
-23.955657405
11.6494580564
-25.2404924556
11.3154697542
-26.4027627599
10.980629641
-27.4515741025
12.6449869375
27.0964005804
13.0226943688
26.0453887375
13.4003003906
24.886272154
13.7722448504
23.6095626008
14.1333794588
22.2095962924
14.4789677893
20.684239699
14.8046852788
19.0345953585
15.1066192274
17.2647076884
15.3812687981
15.3812687981
15.6255450173
13.3933243005
15.8367707744
11.3119791246
16.0126808221
9.15010332693
16.1514217762
6.92203790409
16.2515521156
4.64330060445
16.3120421824
2.33029174034
16.3322741818
-0.0
16.3120421824
-2.33029174034
16.2515521156
-4.64330060445
16.1514217762
-6.92203790409
16.0126808221
-9.15010332693
15.8367707744
-11.3119791246
15.6255450173
-13.3933243005
15.3812687981
-15.3812687981
15.1066192274
-17.2647076884
14.8046852788
-19.0345953585
14.4789677893
-20.684239699
14.1333794588
-22.2095962924
13.7722448504
-23.6095626008
13.4003003906
-24.886272154
13.0226943688
-26.0453887375
12.6449869375
-27.0964005804
14.2410825848
26.7020298465
14.6556853182
25.6474493068
15.071348907
24.490941974
15.4817188912
23.2225783368
15.8809115112
21.836253328
16.2635137085
20.3293921356
16.6245831251
18.7026560157
16.9596481039
16.9596481039
17.2647076884
15.1066192274
17.5362316231
13.1521737174
17.7711603531
11.1069752207
17.9669050241
8.98345251207
18.1213474829
6.7955053061
18.2328402768
4.5582100692
18.3002066539
2.28752583173
18.322740563
-0.0
18.3002066539
-2.28752583173
18.2328402768
-4.5582100692
18.1213474829
-6.7955053061
17.9669050241
-8.98345251207
17.7711603531
-11.1069752207
17.5362316231
-13.1521737174
17.2647076884
-15.1066192274
16.9596481039
-16.9596481039
16.6245831251
-18.7026560157
16.2635137085
-20.3293921356
15.8809115112
-21.836253328
15.4817188912
-23.2225783368
15.071348907
-24.490941974
14.6556853182
-25.6474493068
14.2410825848
-26.7020298465
15.765048678
26.27508113
16.2097215527
25.2151224152
16.6570882484
24.060238581
17.0999999974
22.7999999966
17.5318375705
21.4278014751
17.9465112766
19.9405680851
18.3384609631
18.3384609631
18.7026560157
16.6245831251
19.0345953585
14.8046852788
19.3303074538
12.8868716359
19.5863503025
10.8813057236
19.7998114435
8.7999161971
19.9683079543
6.65610265144
20.0899864508
4.46444143351
20.163523087
2.24039145412
20.1881235555
-0.0
20.163523087
-2.24039145412
20.0899864508
-4.46444143351
19.9683079543
-6.65610265144
19.7998114435
-8.7999161971
19.5863503025
-10.8813057236
19.3303074538
-12.8868716359
19.0345953585
-14.8046852788
18.7026560157
-16.6245831251
18.3384609631
-18.3384609631
17.9465112766
-19.9405680851
17.5318375705
-21.4278014751
17.0999999974
-22.7999999966
16.6570882484
-24.060238581
16.2097215527
-25.2151224152
15.765048678
-26.27508113
17.2153708161
25.8230562242
17.682435526
24.7554097364
18.1543565609
23.6006635292
18.6231908455
22.3478290147
19.0815836807
20.9897420488
19.522768743
19.522768743
19.9405680851
17.9465112766
20.3293921356
16.2635137085
20.684239699
14.4789677893
21.0006979557
12.6004187734
21.2749424621
10.637471231
21.5037371505
8.6014948602
21.6844343292
6.50533029877
21.8149746824
4.36299493649
21.8938872703
2.18938872703
21.9202895289
-0.0
21.8938872703
-2.18938872703
21.8149746824
-4.36299493649
21.6844343292
-6.50533029877
21.5037371505
-8.6014948602
21.2749424621
-10.637471231
21.0006979557
-12.6004187734
20.684239699
-14.4789677893
20.3293921356
-16.2635137085
19.9405680851
-17.9465112766
19.522768743
-19.522768743
19.0815836807
-20.9897420488
18.6231908455
-22.3478290147
18.1543565609
-23.6006635292
17.682435526
-24.7554097364
17.2153708161
-25.8230562242
18.5931822899
25.3543394862
19.0741073839
24.2761366704
19.5626396828
23.1194832615
20.0500418037
21.8727728768
20.5282235776
20.5282235776
20.9897420488
19.0815836807
21.4278014751
17.5318375705
21.836253328
15.8809115112
22.2095962924
14.1333794588
22.5429762668
12.2961688728
22.8321863633
10.3782665288
23.0736669074
8.39042432996
23.2645054382
6.3448651195
23.4024367083
4.25498849242
23.4858426839
2.13507660763
23.5137525447
-0.0
23.4858426839
-2.13507660763
23.4024367083
-4.25498849242
23.2645054382
-6.3448651195
23.0736669074
-8.39042432996
22.8321863633
-10.3782665288
22.5429762668
-12.2961688728
22.2095962924
-14.1333794588
21.836253328
-15.8809115112
21.4278014751
-17.5318375705
20.9897420488
-19.0815836807
20.5282235776
-20.5282235776
20.0500418037
-21.8727728768
19.5626396828
-23.1194832615
19.0741073839
-24.2761366704
18.5931822899
-25.3543394862
19.9025582698
24.8781978372
20.3879591516
23.7859523436
20.8843653317
22.6247291094
21.3822451198
21.3822451198
21.8727728768
20.0500418037
22.3478290147
18.6231908455
22.7999999966
17.0999999974
23.2225783368
15.4817188912
23.6095626008
13.7722448504
23.955657405
11.9778287025
24.2562734171
10.1067805905
24.507527356
8.16917578532
24.7062419915
6.17656049786
24.8499461446
4.14165769077
24.9368746877
2.07807289064
24.9659685439
-0.0
24.9368746877
-2.07807289064
24.8499461446
-4.14165769077
24.7062419915
-6.17656049786
24.507527356
-8.16917578532
24.2562734171
-10.1067805905
23.955657405
-11.9778287025
23.6095626008
-13.7722448504
23.2225783368
-15.4817188912
22.7999999966
-17.0999999974
22.3478290147
-18.6231908455
21.8727728768
-20.0500418037
21.3822451198
-21.3822451198
20.8843653317
-22.6247291094
20.3879591516
-23.7859523436
19.9025582698
-24.8781978372
21.1508099938
24.4047807621
21.6304489222
23.2943296085
22.1251972933
22.1251972933
22.6247291094
20.8843653317
23.1194832615
19.5626396828
23.6006635292
18.1543565609
24.060238581
16.6570882484
24.490941974
15.071348907
24.886272154
13.4003003906
25.2404924556
11.6494580564
25.5486311022
9.82639657778
25.8064812058
7.94045575562
26.010600767
6.00244633085
26.1583126754
4.02435579622
26.2477047092
2.0190542084
26.2776295352
-0.0
26.2477047092
-2.0190542084
26.1583126754
-4.02435579622
26.010600767
-6.00244633085
25.8064812058
-7.94045575562
25.5486311022
-9.82639657778
25.2404924556
-11.6494580564
24.886272154
-13.4003003906
24.490941974
-15.071348907
24.060238581
-16.6570882484
23.6006635292
-18.1543565609
23.1194832615
-19.5626396828
22.6247291094
-20.8843653317
22.1251972933
-22.1251972933
21.6304489222
-23.2943296085
21.1508099938
-24.4047807621
22.3487789558
23.9451203098
22.8115650441
22.8115650441
23.2943296085
21.6304489222
23.7859523436
20.3879591516
24.2761366704
19.0741073839
24.7554097364
17.682435526
25.2151224152
16.2097215527
25.6474493068
14.6556853182
26.0453887375
13.0226943688
26.4027627599
11.3154697542
26.714217153
9.54079184034
26.9752214219
7.70720612055
27.1820687984
5.82472902822
27.3318762402
3.9045537486
27.4225844316
1.95875603083
27.4529577832
-0.0
27.4225844316
-1.95875603083
27.3318762402
-3.9045537486
27.1820687984
-5.82472902822
26.9752214219
-7.70720612055
26.714217153
-9.54079184034
26.4027627599
-11.3154697542
26.0453887375
-13.0226943688
25.6474493068
-14.6556853182
25.2151224152
-16.2097215527
24.7554097364
-17.682435526
24.2761366704
-19.0741073839
23.7859523436
-20.3879591516
23.2943296085
-21.6304489222
22.8115650441
-22.8115650441
22.3487789558
-23.9451203098
23.511131093
23.511131093
23.9451203098
22.3487789558
24.4047807621
21.1508099938
24.8781978372
19.9025582698
25.3543394862
18.5931822899
25.8230562242
17.2153708161
26.27508113
15.765048678
26.7020298465
14.2410825848
27.0964005804
12.6449869375
27.4515741025
10.980629641
27.7618137473
9.25393791576
28.0222654132
7.4726041102
28.2289575628
5.64579151256
28.3788012223
3.78384016297
28.4695899819
1.89797266546
28.4999999957
-0.0
28.4695899819
-1.89797266546
28.3788012223
-3.78384016297
28.2289575628
-5.64579151256
28.0222654132
-7.4726041102
27.7618137473
-9.25393791576
27.4515741025
-10.980629641
27.0964005804
-12.6449869375
26.7020298465
-14.2410825848
26.27508113
-15.765048678
25.8230562242
-17.2153708161
25.3543394862
-18.5931822899
24.8781978372
-19.9025582698
24.4047807621
-21.1508099938
23.9451203098
-22.3487789558
23.511131093
-23.511131093
